TI simulation 4ns
 &cntrl
   imin = 0, nstlim = 2000000, irest = 1, ntx = 5, dt = 0.002,
   ntt = 3, temp0 = 300.0, gamma_ln = 2.0, ig = -1,
   ntc = 2, ntf = 1,
   ntb = 2, barostat=2,
   ntp = 1, pres0 = 1.0, taup = 2.0,
   ioutfm = 1, iwrap = 1,
   ntwe = 1000, ntwx = 10000, ntpr = 10000, ntwr = 20000,

   icfe = 1, clambda = %L%, scalpha = 0.5, scbeta = 12.0,
   logdvdl = 1,
   ifmbar = 1, mbar_states = 12,
   mbar_lambda = 0.00922, 0.04794, 0.11505, 0.20634, 0.31608, 0.43738, 0.56262, 0.68392, 0.79366, 0.88495, 0.95206, 0.99078,    
   timask1 = ':1', timask2 = ':2',
   %FE%
 /

 &ewald
 / 

